Poligono[(259, 87),  (204, 127),  (311, 112),  (307, 64),  (346, 113),  (380, 110),  (345, 68),  (423, 120),  (452, 102),  (453, 117),  (504, 76),  (470, 35),  (561, 94),  (473, 134),  (591, 102),  (538, 141),  (657, 115),  (623, 49),  (693, 117),  (732, 81),  (747, 39),  (757, 121),  (719, 129),  (748, 167),  (818, 152),  (792, 69),  (855, 162),  (793, 197),  (827, 238),  (740, 191),  (763, 249),  (693, 154),  (694, 234),  (669, 136),  (647, 224),  (624, 149),  (613, 224),  (583, 161),  (560, 207),  (536, 157),  (490, 196),  (514, 142),  (436, 176),  (447, 133),  (384, 156),  (428, 222),  (458, 195),  (486, 223),  (464, 269),  (382, 268),  (421, 246),  (376, 207),  (314, 200),  (353, 163),  (313, 152),  (261, 217),  (278, 261),  (305, 217),  (368, 226),  (318, 263),  (386, 243),  (334, 299),  (409, 298),  (424, 283),  (462, 313),  (527, 300),  (505, 251),  (579, 303),  (528, 207),  (614, 292),  (645, 244),  (641, 292),  (675, 210),  (674, 300),  (709, 205),  (720, 320),  (789, 282),  (754, 206),  (826, 257),  (857, 227),  (825, 199),  (881, 178),  (901, 258),  (806, 282),  (879, 346),  (767, 319),  (818, 382),  (715, 348),  (772, 395),  (669, 360),  (699, 315),  (611, 328),  (665, 395),  (562, 375),  (593, 349),  (544, 320),  (494, 331),  (553, 403),  (431, 329),  (421, 395),  (344, 322),  (351, 377),  (296, 277),  (243, 311),  (235, 249),  (232, 180),  (138, 211),  (154, 351),  (105, 181) ]
Poligono[(844.7318923273142, 146.8423172450829), (855.0, 162.0), (793.0, 197.0), (827.0, 238.0), (740.0, 191.0),(763.0, 249.0),(693.0, 154.0),(694.0, 234.0), (669.0, 136.0),(755.1009656107062, 105.42791800779273),(757.0, 121.0), (719.0, 129.0), (748.0, 167.0), (818.0, 152.0)]

Poligono[(447.0, 133), (384.0, 156), (428.0, 222), (458.0, 195), (486.0, 223), (464.0, 269), (434.78311965811963, 268.6436965811966), (421.0, 246), (376.0, 207), (314.0, 200), (353.0, 163), (313.0, 152), (261.0, 217), (233.76121847363248, 220.50802489354734), (232.0, 180), (138.0, 211), (113.94613684522318, 212.0376176262845), (105.0, 181), (197.5497104247104, 124.50861831218974), (204.0, 127), (311.0, 112), (307.0, 64), (346.0, 113), (380.0, 110), (345.0, 68), (423.0, 120), (452.0, 102), (453.0, 117), (472.5860349127182, 101.25436408977556), (447.0, 133)]

780, 307
696, 304
326, 312
250, 274
349, 133
522, 144
589, 149
701, 130